/*--------------------------------*- C++ -*----------------------------------*\
| =========                 |                                                 |
| \\      /  F ield         | OpenFOAM: The Open Source CFD Toolbox           |
|  \\    /   O peration     | Version:  dev                                   |
|   \\  /    A nd           | Web:      www.OpenFOAM.org                      |
|    \\/     M anipulation  |                                                 |
\*---------------------------------------------------------------------------*/
FoamFile
{
    version     2.0;
    format      ascii;
    class       vectorField;
    location    "constant/polyMesh";
    object      points;
}
// * * * * * * * * * * * * * * * * * * * * * * * * * * * * * * * * * * * * * //


164
(
(-0.1 0 -0.1)
(0.1 0 -0.1)
(-0.1 0.01150661306 -0.1)
(0.1 0.01150661306 -0.1)
(-0.1 0.02342959662 -0.1)
(0.1 0.02342959662 -0.1)
(-0.1 0.03578401716 -0.1)
(0.1 0.03578401716 -0.1)
(-0.1 0.04858548638 -0.1)
(0.1 0.04858548638 -0.1)
(-0.1 0.06185018087 -0.1)
(0.1 0.06185018087 -0.1)
(-0.1 0.07559486259 -0.1)
(0.1 0.07559486259 -0.1)
(-0.1 0.08983690004 -0.1)
(0.1 0.08983690004 -0.1)
(-0.1 0.1045942902 -0.1)
(0.1 0.1045942902 -0.1)
(-0.1 0.1198856812 -0.1)
(0.1 0.1198856812 -0.1)
(-0.1 0.1357303962 -0.1)
(0.1 0.1357303962 -0.1)
(-0.1 0.1521484572 -0.1)
(0.1 0.1521484572 -0.1)
(-0.1 0.1691606111 -0.1)
(0.1 0.1691606111 -0.1)
(-0.1 0.1867883552 -0.1)
(0.1 0.1867883552 -0.1)
(-0.1 0.2050539648 -0.1)
(0.1 0.2050539648 -0.1)
(-0.1 0.2239805215 -0.1)
(0.1 0.2239805215 -0.1)
(-0.1 0.2435919417 -0.1)
(0.1 0.2435919417 -0.1)
(-0.1 0.2639130074 -0.1)
(0.1 0.2639130074 -0.1)
(-0.1 0.2849693973 -0.1)
(0.1 0.2849693973 -0.1)
(-0.1 0.3067877196 -0.1)
(0.1 0.3067877196 -0.1)
(-0.1 0.3293955448 -0.1)
(0.1 0.3293955448 -0.1)
(-0.1 0.3528214414 -0.1)
(0.1 0.3528214414 -0.1)
(-0.1 0.3770950117 -0.1)
(0.1 0.3770950117 -0.1)
(-0.1 0.4022469288 -0.1)
(0.1 0.4022469288 -0.1)
(-0.1 0.4283089762 -0.1)
(0.1 0.4283089762 -0.1)
(-0.1 0.4553140871 -0.1)
(0.1 0.4553140871 -0.1)
(-0.1 0.4832963866 -0.1)
(0.1 0.4832963866 -0.1)
(-0.1 0.5122912347 -0.1)
(0.1 0.5122912347 -0.1)
(-0.1 0.5423352706 -0.1)
(0.1 0.5423352706 -0.1)
(-0.1 0.5734664596 -0.1)
(0.1 0.5734664596 -0.1)
(-0.1 0.6057241407 -0.1)
(0.1 0.6057241407 -0.1)
(-0.1 0.6391490763 -0.1)
(0.1 0.6391490763 -0.1)
(-0.1 0.6737835039 -0.1)
(0.1 0.6737835039 -0.1)
(-0.1 0.7096711895 -0.1)
(0.1 0.7096711895 -0.1)
(-0.1 0.7468574824 -0.1)
(0.1 0.7468574824 -0.1)
(-0.1 0.7853893734 -0.1)
(0.1 0.7853893734 -0.1)
(-0.1 0.8253155531 -0.1)
(0.1 0.8253155531 -0.1)
(-0.1 0.8666864745 -0.1)
(0.1 0.8666864745 -0.1)
(-0.1 0.909554416 -0.1)
(0.1 0.909554416 -0.1)
(-0.1 0.9539735477 -0.1)
(0.1 0.9539735477 -0.1)
(-0.1 1 -0.1)
(0.1 1 -0.1)
(-0.1 0 0.1)
(0.1 0 0.1)
(-0.1 0.01150661306 0.1)
(0.1 0.01150661306 0.1)
(-0.1 0.02342959662 0.1)
(0.1 0.02342959662 0.1)
(-0.1 0.03578401716 0.1)
(0.1 0.03578401716 0.1)
(-0.1 0.04858548638 0.1)
(0.1 0.04858548638 0.1)
(-0.1 0.06185018087 0.1)
(0.1 0.06185018087 0.1)
(-0.1 0.07559486259 0.1)
(0.1 0.07559486259 0.1)
(-0.1 0.08983690004 0.1)
(0.1 0.08983690004 0.1)
(-0.1 0.1045942902 0.1)
(0.1 0.1045942902 0.1)
(-0.1 0.1198856812 0.1)
(0.1 0.1198856812 0.1)
(-0.1 0.1357303962 0.1)
(0.1 0.1357303962 0.1)
(-0.1 0.1521484572 0.1)
(0.1 0.1521484572 0.1)
(-0.1 0.1691606111 0.1)
(0.1 0.1691606111 0.1)
(-0.1 0.1867883552 0.1)
(0.1 0.1867883552 0.1)
(-0.1 0.2050539648 0.1)
(0.1 0.2050539648 0.1)
(-0.1 0.2239805215 0.1)
(0.1 0.2239805215 0.1)
(-0.1 0.2435919417 0.1)
(0.1 0.2435919417 0.1)
(-0.1 0.2639130074 0.1)
(0.1 0.2639130074 0.1)
(-0.1 0.2849693973 0.1)
(0.1 0.2849693973 0.1)
(-0.1 0.3067877196 0.1)
(0.1 0.3067877196 0.1)
(-0.1 0.3293955448 0.1)
(0.1 0.3293955448 0.1)
(-0.1 0.3528214414 0.1)
(0.1 0.3528214414 0.1)
(-0.1 0.3770950117 0.1)
(0.1 0.3770950117 0.1)
(-0.1 0.4022469288 0.1)
(0.1 0.4022469288 0.1)
(-0.1 0.4283089762 0.1)
(0.1 0.4283089762 0.1)
(-0.1 0.4553140871 0.1)
(0.1 0.4553140871 0.1)
(-0.1 0.4832963866 0.1)
(0.1 0.4832963866 0.1)
(-0.1 0.5122912347 0.1)
(0.1 0.5122912347 0.1)
(-0.1 0.5423352706 0.1)
(0.1 0.5423352706 0.1)
(-0.1 0.5734664596 0.1)
(0.1 0.5734664596 0.1)
(-0.1 0.6057241407 0.1)
(0.1 0.6057241407 0.1)
(-0.1 0.6391490763 0.1)
(0.1 0.6391490763 0.1)
(-0.1 0.6737835039 0.1)
(0.1 0.6737835039 0.1)
(-0.1 0.7096711895 0.1)
(0.1 0.7096711895 0.1)
(-0.1 0.7468574824 0.1)
(0.1 0.7468574824 0.1)
(-0.1 0.7853893734 0.1)
(0.1 0.7853893734 0.1)
(-0.1 0.8253155531 0.1)
(0.1 0.8253155531 0.1)
(-0.1 0.8666864745 0.1)
(0.1 0.8666864745 0.1)
(-0.1 0.909554416 0.1)
(0.1 0.909554416 0.1)
(-0.1 0.9539735477 0.1)
(0.1 0.9539735477 0.1)
(-0.1 1 0.1)
(0.1 1 0.1)
)


// ************************************************************************* //
